            TIME         VOLTAGE         CURRENT
               0               0               0
          0.0001        0.314108      0.00314108
          0.0002        0.627905      0.00942013
          0.0003        0.941083        0.018831
          0.0004         1.25333       0.0313643
          0.0005         1.56434       0.0470077
          0.0006         1.87381       0.0657459
          0.0007         2.18143       0.0875602
          0.0008          2.4869        0.112429
          0.0009         2.78991        0.140328
           0.001         3.09017         0.17123
          0.0011         3.38738        0.205104
          0.0012         3.68125        0.241916
          0.0013         3.97148        0.281631
          0.0014         4.25779        0.324209
          0.0015          4.5399        0.369608
          0.0016         4.81754        0.417783
          0.0017         5.09041        0.468688
          0.0018         5.35827         0.52227
          0.0019         5.62083        0.578479
           0.002         5.87785        0.637257
          0.0021         6.12907        0.698548
          0.0022         6.37424         0.76229
          0.0023         6.61312        0.828421
          0.0024         6.84547        0.896876
          0.0025         7.07107        0.967587
          0.0026         7.28969         1.04048
          0.0027         7.50111         1.11549
          0.0028         7.70513         1.19255
          0.0029         7.90155         1.27156
           0.003         8.09017         1.35246
          0.0031         8.27081         1.43517
          0.0032         8.44328          1.5196
          0.0033         8.60742         1.60568
          0.0034         8.76307         1.69331
          0.0035         8.91007         1.78241
          0.0036         9.04827         1.87289
          0.0037         9.17755         1.96467
          0.0038         9.29776         2.05765
          0.0039         9.40881         2.15173
           0.004         9.51057         2.24684
          0.0041         9.60294         2.34287
          0.0042         9.68583         2.43973
          0.0043         9.75917         2.53732
          0.0044         9.82287         2.63555
          0.0045         9.87688         2.73432
          0.0046         9.92115         2.83353
          0.0047         9.95562         2.93308
          0.0048         9.98027         3.03289
          0.0049         9.99507         3.13284
           0.005              10         3.23284
          0.0051         9.99507         3.33279
          0.0052         9.98027         3.43259
          0.0053         9.95562         3.53215
          0.0054         9.92115         3.63136
          0.0055         9.87688         3.73013
          0.0056         9.82287         3.82836
          0.0057         9.75917         3.92595
          0.0058         9.68583         4.02281
          0.0059         9.60294         4.11883
           0.006         9.51057         4.21394
          0.0061         9.40881         4.30803
          0.0062         9.29776         4.40101
          0.0063         9.17755         4.49278
          0.0064         9.04827         4.58326
          0.0065         8.91007         4.67237
          0.0066         8.76307            4.76
          0.0067         8.60742         4.84607
          0.0068         8.44328          4.9305
          0.0069         8.27081         5.01321
           0.007         8.09017         5.09411
          0.0071         7.90155         5.17313
          0.0072         7.70513         5.25018
          0.0073         7.50111         5.32519
          0.0074         7.28969         5.39809
          0.0075         7.07107          5.4688
          0.0076         6.84547         5.53725
          0.0077         6.61312         5.60338
          0.0078         6.37424         5.66713
          0.0079         6.12907         5.72842
           0.008         5.87785          5.7872
          0.0081         5.62083          5.8434
          0.0082         5.35827         5.89699
          0.0083         5.09041         5.94789
          0.0084         4.81754         5.99607
          0.0085          4.5399         6.04147
          0.0086         4.25779         6.08404
          0.0087         3.97148         6.12376
          0.0088         3.68125         6.16057
          0.0089         3.38738         6.19444
           0.009         3.09017         6.22535
          0.0091         2.78991         6.25324
          0.0092          2.4869         6.27811
          0.0093         2.18143         6.29993
          0.0094         1.87381         6.31867
          0.0095         1.56434         6.33431
          0.0096         1.25333         6.34684
          0.0097        0.941083         6.35625
          0.0098        0.627905         6.36253
          0.0099        0.314108         6.36567
            0.01     1.45473e-14         6.36567
          0.0101       -0.314108         6.36253
          0.0102       -0.627905         6.35625
          0.0103       -0.941083         6.34684
          0.0104        -1.25333         6.33431
          0.0105        -1.56434         6.31867
          0.0106        -1.87381         6.29993
          0.0107        -2.18143         6.27811
          0.0108         -2.4869         6.25324
          0.0109        -2.78991         6.22535
           0.011        -3.09017         6.19444
          0.0111        -3.38738         6.16057
          0.0112        -3.68125         6.12376
          0.0113        -3.97148         6.08404
          0.0114        -4.25779         6.04147
          0.0115         -4.5399         5.99607
          0.0116        -4.81754         5.94789
          0.0117        -5.09041         5.89699
          0.0118        -5.35827          5.8434
          0.0119        -5.62083          5.7872
           0.012        -5.87785         5.72842
          0.0121        -6.12907         5.66713
          0.0122        -6.37424         5.60338
          0.0123        -6.61312         5.53725
          0.0124        -6.84547          5.4688
          0.0125        -7.07107         5.39809
          0.0126        -7.28969         5.32519
          0.0127        -7.50111         5.25018
          0.0128        -7.70513         5.17313
          0.0129        -7.90155         5.09411
           0.013        -8.09017         5.01321
          0.0131        -8.27081          4.9305
          0.0132        -8.44328         4.84607
          0.0133        -8.60742            4.76
          0.0134        -8.76307         4.67237
          0.0135        -8.91007         4.58326
          0.0136        -9.04827         4.49278
          0.0137        -9.17755         4.40101
          0.0138        -9.29776         4.30803
          0.0139        -9.40881         4.21394
           0.014        -9.51057         4.11883
          0.0141        -9.60294         4.02281
          0.0142        -9.68583         3.92595
          0.0143        -9.75917         3.82836
          0.0144        -9.82287         3.73013
          0.0145        -9.87688         3.63136
          0.0146        -9.92115         3.53215
          0.0147        -9.95562         3.43259
          0.0148        -9.98027         3.33279
          0.0149        -9.99507         3.23284
           0.015             -10         3.13284
          0.0151        -9.99507         3.03289
          0.0152        -9.98027         2.93308
          0.0153        -9.95562         2.83353
          0.0154        -9.92115         2.73432
          0.0155        -9.87688         2.63555
          0.0156        -9.82287         2.53732
          0.0157        -9.75917         2.43973
          0.0158        -9.68583         2.34287
          0.0159        -9.60294         2.24684
           0.016        -9.51057         2.15173
          0.0161        -9.40881         2.05765
          0.0162        -9.29776         1.96467
          0.0163        -9.17755         1.87289
          0.0164        -9.04827         1.78241
          0.0165        -8.91007         1.69331
          0.0166        -8.76307         1.60568
          0.0167        -8.60742          1.5196
          0.0168        -8.44328         1.43517
          0.0169        -8.27081         1.35246
           0.017        -8.09017         1.27156
          0.0171        -7.90155         1.19255
          0.0172        -7.70513         1.11549
          0.0173        -7.50111         1.04048
          0.0174        -7.28969        0.967587
          0.0175        -7.07107        0.896876
          0.0176        -6.84547        0.828421
          0.0177        -6.61312         0.76229
          0.0178        -6.37424        0.698548
          0.0179        -6.12907        0.637257
           0.018        -5.87785        0.578479
          0.0181        -5.62083         0.52227
          0.0182        -5.35827        0.468688
          0.0183        -5.09041        0.417783
          0.0184        -4.81754        0.369608
          0.0185         -4.5399        0.324209
          0.0186        -4.25779        0.281631
          0.0187        -3.97148        0.241916
          0.0188        -3.68125        0.205104
          0.0189        -3.38738         0.17123
           0.019        -3.09017        0.140328
          0.0191        -2.78991        0.112429
          0.0192         -2.4869       0.0875602
          0.0193        -2.18143       0.0657459
          0.0194        -1.87381       0.0470077
          0.0195        -1.56434       0.0313643
          0.0196        -1.25333        0.018831
          0.0197       -0.941083      0.00942013
          0.0198       -0.627905      0.00314108
          0.0199       -0.314108    -4.55903e-14
            0.02     -2.0673e-13    -4.76576e-14
          0.0201        0.314108      0.00314108
          0.0202        0.627905      0.00942013
          0.0203        0.941083        0.018831
          0.0204         1.25333       0.0313643
          0.0205         1.56434       0.0470077
          0.0206         1.87381       0.0657459
          0.0207         2.18143       0.0875602
          0.0208          2.4869        0.112429
          0.0209         2.78991        0.140328
           0.021         3.09017         0.17123
          0.0211         3.38738        0.205104
          0.0212         3.68125        0.241916
          0.0213         3.97148        0.281631
          0.0214         4.25779        0.324209
          0.0215          4.5399        0.369608
          0.0216         4.81754        0.417783
          0.0217         5.09041        0.468688
          0.0218         5.35827         0.52227
          0.0219         5.62083        0.578479
           0.022         5.87785        0.637257
          0.0221         6.12907        0.698548
          0.0222         6.37424         0.76229
          0.0223         6.61312        0.828421
          0.0224         6.84547        0.896876
          0.0225         7.07107        0.967587
          0.0226         7.28969         1.04048
          0.0227         7.50111         1.11549
          0.0228         7.70513         1.19255
          0.0229         7.90155         1.27156
           0.023         8.09017         1.35246
          0.0231         8.27081         1.43517
          0.0232         8.44328          1.5196
          0.0233         8.60742         1.60568
          0.0234         8.76307         1.69331
          0.0235         8.91007         1.78241
          0.0236         9.04827         1.87289
          0.0237         9.17755         1.96467
          0.0238         9.29776         2.05765
          0.0239         9.40881         2.15173
           0.024         9.51057         2.24684
          0.0241         9.60294         2.34287
          0.0242         9.68583         2.43973
          0.0243         9.75917         2.53732
          0.0244         9.82287         2.63555
          0.0245         9.87688         2.73432
          0.0246         9.92115         2.83353
          0.0247         9.95562         2.93308
          0.0248         9.98027         3.03289
          0.0249         9.99507         3.13284
           0.025              10         3.23284
          0.0251         9.99507         3.33279
          0.0252         9.98027         3.43259
          0.0253         9.95562         3.53215
          0.0254         9.92115         3.63136
          0.0255         9.87688         3.73013
          0.0256         9.82287         3.82836
          0.0257         9.75917         3.92595
          0.0258         9.68583         4.02281
          0.0259         9.60294         4.11883
           0.026         9.51057         4.21394
          0.0261         9.40881         4.30803
          0.0262         9.29776         4.40101
          0.0263         9.17755         4.49278
          0.0264         9.04827         4.58326
          0.0265         8.91007         4.67237
          0.0266         8.76307            4.76
          0.0267         8.60742         4.84607
          0.0268         8.44328          4.9305
          0.0269         8.27081         5.01321
           0.027         8.09017         5.09411
          0.0271         7.90155         5.17313
          0.0272         7.70513         5.25018
          0.0273         7.50111         5.32519
          0.0274         7.28969         5.39809
          0.0275         7.07107          5.4688
          0.0276         6.84547         5.53725
          0.0277         6.61312         5.60338
          0.0278         6.37424         5.66713
          0.0279         6.12907         5.72842
           0.028         5.87785          5.7872
          0.0281         5.62083          5.8434
          0.0282         5.35827         5.89699
          0.0283         5.09041         5.94789
          0.0284         4.81754         5.99607
          0.0285          4.5399         6.04147
          0.0286         4.25779         6.08404
          0.0287         3.97148         6.12376
          0.0288         3.68125         6.16057
          0.0289         3.38738         6.19444
           0.029         3.09017         6.22535
          0.0291         2.78991         6.25324
          0.0292          2.4869         6.27811
          0.0293         2.18143         6.29993
          0.0294         1.87381         6.31867
          0.0295         1.56434         6.33431
          0.0296         1.25333         6.34684
          0.0297        0.941083         6.35625
          0.0298        0.627905         6.36253
          0.0299        0.314108         6.36567
            0.03     3.94472e-13         6.36567
          0.0301       -0.314108         6.36253
          0.0302       -0.627905         6.35625
          0.0303       -0.941083         6.34684
          0.0304        -1.25333         6.33431
          0.0305        -1.56434         6.31867
          0.0306        -1.87381         6.29993
          0.0307        -2.18143         6.27811
          0.0308         -2.4869         6.25324
          0.0309        -2.78991         6.22535
           0.031        -3.09017         6.19444
          0.0311        -3.38738         6.16057
          0.0312        -3.68125         6.12376
          0.0313        -3.97148         6.08404
          0.0314        -4.25779         6.04147
          0.0315         -4.5399         5.99607
          0.0316        -4.81754         5.94789
          0.0317        -5.09041         5.89699
          0.0318        -5.35827          5.8434
          0.0319        -5.62083          5.7872
           0.032        -5.87785         5.72842
          0.0321        -6.12907         5.66713
          0.0322        -6.37424         5.60338
          0.0323        -6.61312         5.53725
          0.0324        -6.84547          5.4688
          0.0325        -7.07107         5.39809
          0.0326        -7.28969         5.32519
          0.0327        -7.50111         5.25018
          0.0328        -7.70513         5.17313
          0.0329        -7.90155         5.09411
           0.033        -8.09017         5.01321
          0.0331        -8.27081          4.9305
          0.0332        -8.44328         4.84607
          0.0333        -8.60742            4.76
          0.0334        -8.76307         4.67237
          0.0335        -8.91007         4.58326
          0.0336        -9.04827         4.49278
          0.0337        -9.17755         4.40101
          0.0338        -9.29776         4.30803
          0.0339        -9.40881         4.21394
           0.034        -9.51057         4.11883
          0.0341        -9.60294         4.02281
          0.0342        -9.68583         3.92595
          0.0343        -9.75917         3.82836
          0.0344        -9.82287         3.73013
          0.0345        -9.87688         3.63136
          0.0346        -9.92115         3.53215
          0.0347        -9.95562         3.43259
          0.0348        -9.98027         3.33279
          0.0349        -9.99507         3.23284
           0.035             -10         3.13284
          0.0351        -9.99507         3.03289
          0.0352        -9.98027         2.93308
          0.0353        -9.95562         2.83353
          0.0354        -9.92115         2.73432
          0.0355        -9.87688         2.63555
          0.0356        -9.82287         2.53732
          0.0357        -9.75917         2.43973
          0.0358        -9.68583         2.34287
          0.0359        -9.60294         2.24684
           0.036        -9.51057         2.15173
          0.0361        -9.40881         2.05765
          0.0362        -9.29776         1.96467
          0.0363        -9.17755         1.87289
          0.0364        -9.04827         1.78241
          0.0365        -8.91007         1.69331
          0.0366        -8.76307         1.60568
          0.0367        -8.60742          1.5196
          0.0368        -8.44328         1.43517
          0.0369        -8.27081         1.35246
           0.037        -8.09017         1.27156
          0.0371        -7.90155         1.19255
          0.0372        -7.70513         1.11549
          0.0373        -7.50111         1.04048
          0.0374        -7.28969        0.967587
          0.0375        -7.07107        0.896876
          0.0376        -6.84547        0.828421
          0.0377        -6.61312         0.76229
          0.0378        -6.37424        0.698548
          0.0379        -6.12907        0.637257
           0.038        -5.87785        0.578479
          0.0381        -5.62083         0.52227
          0.0382        -5.35827        0.468688
          0.0383        -5.09041        0.417783
          0.0384        -4.81754        0.369608
          0.0385         -4.5399        0.324209
          0.0386        -4.25779        0.281631
          0.0387        -3.97148        0.241916
          0.0388        -3.68125        0.205104
          0.0389        -3.38738         0.17123
           0.039        -3.09017        0.140328
          0.0391        -2.78991        0.112429
          0.0392         -2.4869       0.0875602
          0.0393        -2.18143       0.0657459
          0.0394        -1.87381       0.0470077
          0.0395        -1.56434       0.0313643
          0.0396        -1.25333        0.018831
          0.0397       -0.941083      0.00942013
          0.0398       -0.627905      0.00314108
          0.0399       -0.314108     1.65661e-13
            0.04     3.68136e-13     1.69343e-13
          0.0401        0.314108      0.00314108
          0.0402        0.627905      0.00942013
          0.0403        0.941083        0.018831
          0.0404         1.25333       0.0313643
          0.0405         1.56434       0.0470077
          0.0406         1.87381       0.0657459
          0.0407         2.18143       0.0875602
          0.0408          2.4869        0.112429
          0.0409         2.78991        0.140328
           0.041         3.09017         0.17123
          0.0411         3.38738        0.205104
          0.0412         3.68125        0.241916
          0.0413         3.97148        0.281631
          0.0414         4.25779        0.324209
          0.0415          4.5399        0.369608
          0.0416         4.81754        0.417783
          0.0417         5.09041        0.468688
          0.0418         5.35827         0.52227
          0.0419         5.62083        0.578479
           0.042         5.87785        0.637257
          0.0421         6.12907        0.698548
          0.0422         6.37424         0.76229
          0.0423         6.61312        0.828421
          0.0424         6.84547        0.896876
          0.0425         7.07107        0.967587
          0.0426         7.28969         1.04048
          0.0427         7.50111         1.11549
          0.0428         7.70513         1.19255
          0.0429         7.90155         1.27156
           0.043         8.09017         1.35246
          0.0431         8.27081         1.43517
          0.0432         8.44328          1.5196
          0.0433         8.60742         1.60568
          0.0434         8.76307         1.69331
          0.0435         8.91007         1.78241
          0.0436         9.04827         1.87289
          0.0437         9.17755         1.96467
          0.0438         9.29776         2.05765
          0.0439         9.40881         2.15173
           0.044         9.51057         2.24684
          0.0441         9.60294         2.34287
          0.0442         9.68583         2.43973
          0.0443         9.75917         2.53732
          0.0444         9.82287         2.63555
          0.0445         9.87688         2.73432
          0.0446         9.92115         2.83353
          0.0447         9.95562         2.93308
          0.0448         9.98027         3.03289
          0.0449         9.99507         3.13284
           0.045              10         3.23284
          0.0451         9.99507         3.33279
          0.0452         9.98027         3.43259
          0.0453         9.95562         3.53215
          0.0454         9.92115         3.63136
          0.0455         9.87688         3.73013
          0.0456         9.82287         3.82836
          0.0457         9.75917         3.92595
          0.0458         9.68583         4.02281
          0.0459         9.60294         4.11883
           0.046         9.51057         4.21394
          0.0461         9.40881         4.30803
          0.0462         9.29776         4.40101
          0.0463         9.17755         4.49278
          0.0464         9.04827         4.58326
          0.0465         8.91007         4.67237
          0.0466         8.76307            4.76
          0.0467         8.60742         4.84607
          0.0468         8.44328          4.9305
          0.0469         8.27081         5.01321
           0.047         8.09017         5.09411
          0.0471         7.90155         5.17313
          0.0472         7.70513         5.25018
          0.0473         7.50111         5.32519
          0.0474         7.28969         5.39809
          0.0475         7.07107          5.4688
          0.0476         6.84547         5.53725
          0.0477         6.61312         5.60338
          0.0478         6.37424         5.66713
          0.0479         6.12907         5.72842
           0.048         5.87785          5.7872
          0.0481         5.62083          5.8434
          0.0482         5.35827         5.89699
          0.0483         5.09041         5.94789
          0.0484         4.81754         5.99607
          0.0485          4.5399         6.04147
          0.0486         4.25779         6.08404
          0.0487         3.97148         6.12376
          0.0488         3.68125         6.16057
          0.0489         3.38738         6.19444
           0.049         3.09017         6.22535
          0.0491         2.78991         6.25324
          0.0492          2.4869         6.27811
          0.0493         2.18143         6.29993
          0.0494         1.87381         6.31867
          0.0495         1.56434         6.33431
          0.0496         1.25333         6.34684
          0.0497        0.941083         6.35625
          0.0498        0.627905         6.36253
          0.0499        0.314108         6.36567
            0.05    -1.27285e-12         6.36567
          0.0501       -0.314108         6.36253
          0.0502       -0.627905         6.35625
          0.0503       -0.941083         6.34684
          0.0504        -1.25333         6.33431
          0.0505        -1.56434         6.31867
          0.0506        -1.87381         6.29993
          0.0507        -2.18143         6.27811
          0.0508         -2.4869         6.25324
          0.0509        -2.78991         6.22535
           0.051        -3.09017         6.19444
          0.0511        -3.38738         6.16057
          0.0512        -3.68125         6.12376
          0.0513        -3.97148         6.08404
          0.0514        -4.25779         6.04147
          0.0515         -4.5399         5.99607
          0.0516        -4.81754         5.94789
          0.0517        -5.09041         5.89699
          0.0518        -5.35827          5.8434
          0.0519        -5.62083          5.7872
           0.052        -5.87785         5.72842
          0.0521        -6.12907         5.66713
          0.0522        -6.37424         5.60338
          0.0523        -6.61312         5.53725
          0.0524        -6.84547          5.4688
          0.0525        -7.07107         5.39809
          0.0526        -7.28969         5.32519
          0.0527        -7.50111         5.25018
          0.0528        -7.70513         5.17313
          0.0529        -7.90155         5.09411
           0.053        -8.09017         5.01321
          0.0531        -8.27081          4.9305
          0.0532        -8.44328         4.84607
          0.0533        -8.60742            4.76
          0.0534        -8.76307         4.67237
          0.0535        -8.91007         4.58326
          0.0536        -9.04827         4.49278
          0.0537        -9.17755         4.40101
          0.0538        -9.29776         4.30803
          0.0539        -9.40881         4.21394
           0.054        -9.51057         4.11883
          0.0541        -9.60294         4.02281
          0.0542        -9.68583         3.92595
          0.0543        -9.75917         3.82836
          0.0544        -9.82287         3.73013
          0.0545        -9.87688         3.63136
          0.0546        -9.92115         3.53215
          0.0547        -9.95562         3.43259
          0.0548        -9.98027         3.33279
          0.0549        -9.99507         3.23284
           0.055             -10         3.13284
          0.0551        -9.99507         3.03289
          0.0552        -9.98027         2.93308
          0.0553        -9.95562         2.83353
          0.0554        -9.92115         2.73432
          0.0555        -9.87688         2.63555
          0.0556        -9.82287         2.53732
          0.0557        -9.75917         2.43973
          0.0558        -9.68583         2.34287
          0.0559        -9.60294         2.24684
           0.056        -9.51057         2.15173
          0.0561        -9.40881         2.05765
          0.0562        -9.29776         1.96467
          0.0563        -9.17755         1.87289
          0.0564        -9.04827         1.78241
          0.0565        -8.91007         1.69331
          0.0566        -8.76307         1.60568
          0.0567        -8.60742          1.5196
          0.0568        -8.44328         1.43517
          0.0569        -8.27081         1.35246
           0.057        -8.09017         1.27156
          0.0571        -7.90155         1.19255
          0.0572        -7.70513         1.11549
          0.0573        -7.50111         1.04048
          0.0574        -7.28969        0.967587
          0.0575        -7.07107        0.896876
          0.0576        -6.84547        0.828421
          0.0577        -6.61312         0.76229
          0.0578        -6.37424        0.698548
          0.0579        -6.12907        0.637257
           0.058        -5.87785        0.578479
          0.0581        -5.62083         0.52227
          0.0582        -5.35827        0.468688
          0.0583        -5.09041        0.417783
          0.0584        -4.81754        0.369608
          0.0585         -4.5399        0.324209
          0.0586        -4.25779        0.281631
          0.0587        -3.97148        0.241916
          0.0588        -3.68125        0.205104
          0.0589        -3.38738         0.17123
           0.059        -3.09017        0.140328
          0.0591        -2.78991        0.112429
          0.0592         -2.4869       0.0875602
          0.0593        -2.18143       0.0657459
          0.0594        -1.87381       0.0470077
          0.0595        -1.56434       0.0313643
          0.0596        -1.25333        0.018831
          0.0597       -0.941083      0.00942013
          0.0598       -0.627905      0.00314108
          0.0599       -0.314108     1.57433e-13
            0.06     2.15981e-12     1.79031e-13
          0.0601        0.314108      0.00314108
          0.0602        0.627905      0.00942013
          0.0603        0.941083        0.018831
          0.0604         1.25333       0.0313643
          0.0605         1.56434       0.0470077
          0.0606         1.87381       0.0657459
          0.0607         2.18143       0.0875602
          0.0608          2.4869        0.112429
          0.0609         2.78991        0.140328
           0.061         3.09017         0.17123
          0.0611         3.38738        0.205104
          0.0612         3.68125        0.241916
          0.0613         3.97148        0.281631
          0.0614         4.25779        0.324209
          0.0615          4.5399        0.369608
          0.0616         4.81754        0.417783
          0.0617         5.09041        0.468688
          0.0618         5.35827         0.52227
          0.0619         5.62083        0.578479
           0.062         5.87785        0.637257
          0.0621         6.12907        0.698548
          0.0622         6.37424         0.76229
          0.0623         6.61312        0.828421
          0.0624         6.84547        0.896876
          0.0625         7.07107        0.967587
          0.0626         7.28969         1.04048
          0.0627         7.50111         1.11549
          0.0628         7.70513         1.19255
          0.0629         7.90155         1.27156
           0.063         8.09017         1.35246
          0.0631         8.27081         1.43517
          0.0632         8.44328          1.5196
          0.0633         8.60742         1.60568
          0.0634         8.76307         1.69331
          0.0635         8.91007         1.78241
          0.0636         9.04827         1.87289
          0.0637         9.17755         1.96467
          0.0638         9.29776         2.05765
          0.0639         9.40881         2.15173
           0.064         9.51057         2.24684
          0.0641         9.60294         2.34287
          0.0642         9.68583         2.43973
          0.0643         9.75917         2.53732
          0.0644         9.82287         2.63555
          0.0645         9.87688         2.73432
          0.0646         9.92115         2.83353
          0.0647         9.95562         2.93308
          0.0648         9.98027         3.03289
          0.0649         9.99507         3.13284
           0.065              10         3.23284
          0.0651         9.99507         3.33279
          0.0652         9.98027         3.43259
          0.0653         9.95562         3.53215
          0.0654         9.92115         3.63136
          0.0655         9.87688         3.73013
          0.0656         9.82287         3.82836
          0.0657         9.75917         3.92595
          0.0658         9.68583         4.02281
          0.0659         9.60294         4.11883
           0.066         9.51057         4.21394
          0.0661         9.40881         4.30803
          0.0662         9.29776         4.40101
          0.0663         9.17755         4.49278
          0.0664         9.04827         4.58326
          0.0665         8.91007         4.67237
          0.0666         8.76307            4.76
          0.0667         8.60742         4.84607
          0.0668         8.44328          4.9305
          0.0669         8.27081         5.01321
           0.067         8.09017         5.09411
          0.0671         7.90155         5.17313
          0.0672         7.70513         5.25018
          0.0673         7.50111         5.32519
          0.0674         7.28969         5.39809
          0.0675         7.07107          5.4688
          0.0676         6.84547         5.53725
          0.0677         6.61312         5.60338
          0.0678         6.37424         5.66713
          0.0679         6.12907         5.72842
           0.068         5.87785          5.7872
          0.0681         5.62083          5.8434
          0.0682         5.35827         5.89699
          0.0683         5.09041         5.94789
          0.0684         4.81754         5.99607
          0.0685          4.5399         6.04147
          0.0686         4.25779         6.08404
          0.0687         3.97148         6.12376
          0.0688         3.68125         6.16057
          0.0689         3.38738         6.19444
           0.069         3.09017         6.22535
          0.0691         2.78991         6.25324
          0.0692          2.4869         6.27811
          0.0693         2.18143         6.29993
          0.0694         1.87381         6.31867
          0.0695         1.56434         6.33431
          0.0696         1.25333         6.34684
          0.0697        0.941083         6.35625
          0.0698        0.627905         6.36253
          0.0699        0.314108         6.36567
            0.07    -3.08229e-12         6.36567
          0.0701       -0.314108         6.36253
          0.0702       -0.627905         6.35625
          0.0703       -0.941083         6.34684
          0.0704        -1.25333         6.33431
          0.0705        -1.56434         6.31867
          0.0706        -1.87381         6.29993
          0.0707        -2.18143         6.27811
          0.0708         -2.4869         6.25324
          0.0709        -2.78991         6.22535
           0.071        -3.09017         6.19444
          0.0711        -3.38738         6.16057
          0.0712        -3.68125         6.12376
          0.0713        -3.97148         6.08404
          0.0714        -4.25779         6.04147
          0.0715         -4.5399         5.99607
          0.0716        -4.81754         5.94789
          0.0717        -5.09041         5.89699
          0.0718        -5.35827          5.8434
          0.0719        -5.62083          5.7872
           0.072        -5.87785         5.72842
          0.0721        -6.12907         5.66713
          0.0722        -6.37424         5.60338
          0.0723        -6.61312         5.53725
          0.0724        -6.84547          5.4688
          0.0725        -7.07107         5.39809
          0.0726        -7.28969         5.32519
          0.0727        -7.50111         5.25018
          0.0728        -7.70513         5.17313
          0.0729        -7.90155         5.09411
           0.073        -8.09017         5.01321
          0.0731        -8.27081          4.9305
          0.0732        -8.44328         4.84607
          0.0733        -8.60742            4.76
          0.0734        -8.76307         4.67237
          0.0735        -8.91007         4.58326
          0.0736        -9.04827         4.49278
          0.0737        -9.17755         4.40101
          0.0738        -9.29776         4.30803
          0.0739        -9.40881         4.21394
           0.074        -9.51057         4.11883
          0.0741        -9.60294         4.02281
          0.0742        -9.68583         3.92595
          0.0743        -9.75917         3.82836
          0.0744        -9.82287         3.73013
          0.0745        -9.87688         3.63136
          0.0746        -9.92115         3.53215
          0.0747        -9.95562         3.43259
          0.0748        -9.98027         3.33279
          0.0749        -9.99507         3.23284
           0.075             -10         3.13284
          0.0751        -9.99507         3.03289
          0.0752        -9.98027         2.93308
          0.0753        -9.95562         2.83353
          0.0754        -9.92115         2.73432
          0.0755        -9.87688         2.63555
          0.0756        -9.82287         2.53732
          0.0757        -9.75917         2.43973
          0.0758        -9.68583         2.34287
          0.0759        -9.60294         2.24684
           0.076        -9.51057         2.15173
          0.0761        -9.40881         2.05765
          0.0762        -9.29776         1.96467
          0.0763        -9.17755         1.87289
          0.0764        -9.04827         1.78241
          0.0765        -8.91007         1.69331
          0.0766        -8.76307         1.60568
          0.0767        -8.60742          1.5196
          0.0768        -8.44328         1.43517
          0.0769        -8.27081         1.35246
           0.077        -8.09017         1.27156
          0.0771        -7.90155         1.19255
          0.0772        -7.70513         1.11549
          0.0773        -7.50111         1.04048
          0.0774        -7.28969        0.967587
          0.0775        -7.07107        0.896876
          0.0776        -6.84547        0.828421
          0.0777        -6.61312         0.76229
          0.0778        -6.37424        0.698548
          0.0779        -6.12907        0.637257
           0.078        -5.87785        0.578479
          0.0781        -5.62083         0.52227
          0.0782        -5.35827        0.468688
          0.0783        -5.09041        0.417783
          0.0784        -4.81754        0.369608
          0.0785         -4.5399        0.324209
          0.0786        -4.25779        0.281631
          0.0787        -3.97148        0.241916
          0.0788        -3.68125        0.205104
          0.0789        -3.38738         0.17123
           0.079        -3.09017        0.140328
          0.0791        -2.78991        0.112429
          0.0792         -2.4869       0.0875602
          0.0793        -2.18143       0.0657459
          0.0794        -1.87381       0.0470077
          0.0795        -1.56434       0.0313643
          0.0796        -1.25333        0.018831
          0.0797       -0.941083      0.00942013
          0.0798       -0.627905      0.00314108
          0.0799       -0.314108     1.49968e-13
            0.08     3.96924e-12     1.89661e-13
          0.0801        0.314108      0.00314108
          0.0802        0.627905      0.00942013
          0.0803        0.941083        0.018831
          0.0804         1.25333       0.0313643
          0.0805         1.56434       0.0470077
          0.0806         1.87381       0.0657459
          0.0807         2.18143       0.0875602
          0.0808          2.4869        0.112429
          0.0809         2.78991        0.140328
           0.081         3.09017         0.17123
          0.0811         3.38738        0.205104
          0.0812         3.68125        0.241916
          0.0813         3.97148        0.281631
          0.0814         4.25779        0.324209
          0.0815          4.5399        0.369608
          0.0816         4.81754        0.417783
          0.0817         5.09041        0.468688
          0.0818         5.35827         0.52227
          0.0819         5.62083        0.578479
           0.082         5.87785        0.637257
          0.0821         6.12907        0.698548
          0.0822         6.37424         0.76229
          0.0823         6.61312        0.828421
          0.0824         6.84547        0.896876
          0.0825         7.07107        0.967587
          0.0826         7.28969         1.04048
          0.0827         7.50111         1.11549
          0.0828         7.70513         1.19255
          0.0829         7.90155         1.27156
           0.083         8.09017         1.35246
          0.0831         8.27081         1.43517
          0.0832         8.44328          1.5196
          0.0833         8.60742         1.60568
          0.0834         8.76307         1.69331
          0.0835         8.91007         1.78241
          0.0836         9.04827         1.87289
          0.0837         9.17755         1.96467
          0.0838         9.29776         2.05765
          0.0839         9.40881         2.15173
           0.084         9.51057         2.24684
          0.0841         9.60294         2.34287
          0.0842         9.68583         2.43973
          0.0843         9.75917         2.53732
          0.0844         9.82287         2.63555
          0.0845         9.87688         2.73432
          0.0846         9.92115         2.83353
          0.0847         9.95562         2.93308
          0.0848         9.98027         3.03289
          0.0849         9.99507         3.13284
           0.085              10         3.23284
          0.0851         9.99507         3.33279
          0.0852         9.98027         3.43259
          0.0853         9.95562         3.53215
          0.0854         9.92115         3.63136
          0.0855         9.87688         3.73013
          0.0856         9.82287         3.82836
          0.0857         9.75917         3.92595
          0.0858         9.68583         4.02281
          0.0859         9.60294         4.11883
           0.086         9.51057         4.21394
          0.0861         9.40881         4.30803
          0.0862         9.29776         4.40101
          0.0863         9.17755         4.49278
          0.0864         9.04827         4.58326
          0.0865         8.91007         4.67237
          0.0866         8.76307            4.76
          0.0867         8.60742         4.84607
          0.0868         8.44328          4.9305
          0.0869         8.27081         5.01321
           0.087         8.09017         5.09411
          0.0871         7.90155         5.17313
          0.0872         7.70513         5.25018
          0.0873         7.50111         5.32519
          0.0874         7.28969         5.39809
          0.0875         7.07107          5.4688
          0.0876         6.84547         5.53725
          0.0877         6.61312         5.60338
          0.0878         6.37424         5.66713
          0.0879         6.12907         5.72842
           0.088         5.87785          5.7872
          0.0881         5.62083          5.8434
          0.0882         5.35827         5.89699
          0.0883         5.09041         5.94789
          0.0884         4.81754         5.99607
          0.0885          4.5399         6.04147
          0.0886         4.25779         6.08404
          0.0887         3.97148         6.12376
          0.0888         3.68125         6.16057
          0.0889         3.38738         6.19444
           0.089         3.09017         6.22535
          0.0891         2.78991         6.25324
          0.0892          2.4869         6.27811
          0.0893         2.18143         6.29993
          0.0894         1.87381         6.31867
          0.0895         1.56434         6.33431
          0.0896         1.25333         6.34684
          0.0897        0.941083         6.35625
          0.0898        0.627905         6.36253
          0.0899        0.314108         6.36567
            0.09    -4.89172e-12         6.36567
          0.0901       -0.314108         6.36253
          0.0902       -0.627905         6.35625
          0.0903       -0.941083         6.34684
          0.0904        -1.25333         6.33431
          0.0905        -1.56434         6.31867
          0.0906        -1.87381         6.29993
          0.0907        -2.18143         6.27811
          0.0908         -2.4869         6.25324
          0.0909        -2.78991         6.22535
           0.091        -3.09017         6.19444
          0.0911        -3.38738         6.16057
          0.0912        -3.68125         6.12376
          0.0913        -3.97148         6.08404
          0.0914        -4.25779         6.04147
          0.0915         -4.5399         5.99607
          0.0916        -4.81754         5.94789
          0.0917        -5.09041         5.89699
          0.0918        -5.35827          5.8434
          0.0919        -5.62083          5.7872
           0.092        -5.87785         5.72842
          0.0921        -6.12907         5.66713
          0.0922        -6.37424         5.60338
          0.0923        -6.61312         5.53725
          0.0924        -6.84547          5.4688
          0.0925        -7.07107         5.39809
          0.0926        -7.28969         5.32519
          0.0927        -7.50111         5.25018
          0.0928        -7.70513         5.17313
          0.0929        -7.90155         5.09411
           0.093        -8.09017         5.01321
          0.0931        -8.27081          4.9305
          0.0932        -8.44328         4.84607
          0.0933        -8.60742            4.76
          0.0934        -8.76307         4.67237
          0.0935        -8.91007         4.58326
          0.0936        -9.04827         4.49278
          0.0937        -9.17755         4.40101
          0.0938        -9.29776         4.30803
          0.0939        -9.40881         4.21394
           0.094        -9.51057         4.11883
          0.0941        -9.60294         4.02281
          0.0942        -9.68583         3.92595
          0.0943        -9.75917         3.82836
          0.0944        -9.82287         3.73013
          0.0945        -9.87688         3.63136
          0.0946        -9.92115         3.53215
          0.0947        -9.95562         3.43259
          0.0948        -9.98027         3.33279
          0.0949        -9.99507         3.23284
           0.095             -10         3.13284
          0.0951        -9.99507         3.03289
          0.0952        -9.98027         2.93308
          0.0953        -9.95562         2.83353
          0.0954        -9.92115         2.73432
          0.0955        -9.87688         2.63555
          0.0956        -9.82287         2.53732
          0.0957        -9.75917         2.43973
          0.0958        -9.68583         2.34287
          0.0959        -9.60294         2.24684
           0.096        -9.51057         2.15173
          0.0961        -9.40881         2.05765
          0.0962        -9.29776         1.96467
          0.0963        -9.17755         1.87289
          0.0964        -9.04827         1.78241
          0.0965        -8.91007         1.69331
          0.0966        -8.76307         1.60568
          0.0967        -8.60742          1.5196
          0.0968        -8.44328         1.43517
          0.0969        -8.27081         1.35246
           0.097        -8.09017         1.27156
          0.0971        -7.90155         1.19255
          0.0972        -7.70513         1.11549
          0.0973        -7.50111         1.04048
          0.0974        -7.28969        0.967587
          0.0975        -7.07107        0.896876
          0.0976        -6.84547        0.828421
          0.0977        -6.61312         0.76229
          0.0978        -6.37424        0.698548
          0.0979        -6.12907        0.637257
           0.098        -5.87785        0.578479
          0.0981        -5.62083         0.52227
          0.0982        -5.35827        0.468688
          0.0983        -5.09041        0.417783
          0.0984        -4.81754        0.369608
          0.0985         -4.5399        0.324209
          0.0986        -4.25779        0.281631
          0.0987        -3.97148        0.241916
          0.0988        -3.68125        0.205104
          0.0989        -3.38738         0.17123
           0.099        -3.09017        0.140328
          0.0991        -2.78991        0.112429
          0.0992         -2.4869       0.0875602
          0.0993        -2.18143       0.0657459
          0.0994        -1.87381       0.0470077
          0.0995        -1.56434       0.0313643
          0.0996        -1.25333        0.018831
          0.0997       -0.941083      0.00942013
          0.0998       -0.627905      0.00314108
          0.0999       -0.314108     1.43155e-13
